Eigvals	3
59.72280735289638	49.37547769055031	20.591403745703506

Proportion explained	3
0.5548216370823059	0.37922379653933685	0.06595456637835714

Species	815	3
ASV_1	-0.1573286241434726	0.010868116544241004	-0.10718716632931799
ASV_49	0.01512036097463801	0.009747826994779302	0.008198844175793247
ASV_59	-0.1369750192310121	-0.09424754177057161	-0.08552935223397971
ASV_62	-0.1799529106727052	0.008205516018756917	-0.2244101633060428
ASV_66	-0.07137366897564854	-0.18236257467664463	-0.19104791000407592
ASV_84	0.06850232399517418	0.1736710008559764	-0.1020961096248788
ASV_86	0.010140016427242625	0.006365621682523035	0.004904172833740015
ASV_91	-0.012114558423354304	0.06974782224777659	-0.0496342959445913
ASV_95	0.1387302862939882	-0.10019965358093812	-0.13078234794116372
ASV_109	-0.06694985767648816	0.09878195415960338	-0.17428748397750252
ASV_111	0.010140016427242625	0.006365621682523035	0.004904172833740015
ASV_124	0.021289078612108717	0.013937069197744836	0.012279665698074942
ASV_125	0.0224536896111597	0.013468966762573982	0.010715848053323368
ASV_126	0.015120360974638097	0.009747826994778967	0.008198844175792952
ASV_129	0.13262145530568398	-0.032385133809463756	-0.141227912247373
ASV_132	-0.1448024863688626	0.10074918718459738	-0.16021632395758148
ASV_135	-0.0323459060890766	0.18295179138388434	-0.09835870833146984
ASV_145	0.12832569628328333	0.1025020742375215	-0.16938285313079954
ASV_151	-0.14115669799197375	-0.10334411469868197	-0.09104457109611981
ASV_152	0.14116463572590154	-0.12858096165190483	-0.08790058731818988
ASV_156	-0.03639333432251268	0.16836339009796122	-0.12051826082836986
ASV_168	0.128426962168548	-0.11322649632507314	-0.09341432123817987
ASV_172	-0.036859558498195326	0.16717200399770324	-0.10720506806978122
ASV_174	0.10494937895880829	-0.07395494715057618	-0.10440999070386955
ASV_179	0.13304979942693443	-0.07219662724341189	-0.0978636544520861
ASV_180	0.1380198049448593	-0.03863989560358632	-0.10455485766508656
ASV_183	0.13736434241499404	-0.027605725300669095	-0.06027404927924418
ASV_201	0.001889478971651504	-0.005332411089539235	-0.02290631970828987
ASV_202	-0.12950994378875885	-0.0858016632025446	-0.06663536015903121
ASV_208	-0.12417124105424902	-0.08544959691635794	-0.07763271895094744
ASV_215	-0.027448559132598797	0.1616723443274601	-0.09673213344415076
ASV_229	-0.1156835294375178	-0.10471057562143946	-0.05621253270123459
ASV_232	-0.11955112354978734	-0.08241829615386441	-0.07491474991341625
ASV_243	0.09666263134345883	-0.02024271803431988	-0.1216795525046915
ASV_249	-0.11593727290103392	-0.07982863293100204	-0.07266081890958816
ASV_252	0.015491981777883893	-0.11806126056576727	-0.11328237044469149
ASV_259	-0.025771949463343238	0.15218923996685063	-0.0888965000776124
ASV_264	-0.016323208798736593	0.09970429277354526	-0.12731384258658426
ASV_267	0.021289078612108717	0.013937069197744836	0.012279665698074942
ASV_276	0.05643414670958407	-0.04795815941693745	-0.04883216305504295
ASV_287	0.09614246486637895	-0.05755699385088997	-0.09285583785168518
ASV_298	-0.10271780296947845	-0.07083818715361064	-0.06445165226353877
ASV_320	0.012610592917700484	-0.013121260750592355	-0.04211976813944107
ASV_321	-0.010884493083656622	-0.026613426164805866	0.03235727812131504
ASV_323	0.021211664176952413	-0.04330357686696961	-0.054354980017745906
ASV_325	-0.023132890941935304	0.13747581566476816	-0.08134711857298084
ASV_331	0.10427016004116439	-0.043714142850185184	-0.06419061288823961
ASV_337	0.009056478590643378	-0.01044484376707628	-0.030443346972788506
ASV_342	0.014088346023137277	-0.01308606224036296	-0.04572401458507575
ASV_347	0.07489588938241076	0.03559205480269367	-0.11198231375147277
ASV_360	0.0199949381299037	-0.0070540335243703305	0.020629405231093745
ASV_370	-0.09606043134884774	-0.06625655675309872	-0.0604714756207208
ASV_374	0.09157474742993929	-0.06376212801485424	-0.055286929298415596
ASV_377	-0.004122951993392479	-0.0033526005883709404	-0.011230807736890489
ASV_380	0.024670504164944786	0.015809811131268652	0.013584871322577565
ASV_384	-0.025085831362139745	0.07750493543433698	-0.08814074704350751
ASV_385	-0.08330629111772037	-0.08021139759629742	-0.07481126516955215
ASV_390	-0.051683426714990474	0.1468579860456909	-0.05104995122450834
ASV_391	0.001671554353962736	-0.004499502544332572	-0.019453174436337987
ASV_393	-0.008499808570709071	-0.07682679196702841	-0.0834781511857653
ASV_400	0.12025780896009859	0.04192002223671384	-0.026809802151516918
ASV_415	0.024344745900289306	-0.03434623213480085	-0.057252578965712064
ASV_416	0.020002428265578492	-0.10417280709872319	-0.03530290135213899
ASV_433	0.085931804296163	-0.02088671272257742	-0.03825599763062802
ASV_442	0.05038035117020688	-0.010707116347102147	-0.023962428904232835
ASV_458	0.015590768740337166	-0.014044837183604986	-0.04709492752967867
ASV_462	0.03978370300918268	0.09888655890797578	-0.06460848643602443
ASV_465	0.06902044265804723	-0.017973055667281843	-0.06821928581581908
ASV_468	-0.07784155637194377	-0.04681150305950986	-0.04098497918194017
ASV_480	0.011710317455777592	-0.009462431747407823	-0.03503118890964814
ASV_486	0.06842495291144701	0.02552247095479461	-0.06131675545178017
ASV_489	0.07035247417093257	0.13561098130237123	-0.03468462738938058
ASV_508	-0.01899390193589357	0.11317928978554234	-0.06844464292718985
ASV_515	-0.07860388458262473	-0.05437180690108638	-0.050030055650754364
ASV_521	0.012636773565503953	-0.07921179786921574	-0.035287128468129765
ASV_538	0.028277513528528815	-0.08275231031010309	-0.03493219953693167
ASV_541	-0.011574251969212296	-0.013907756864814685	-0.03437095559417213
ASV_549	-0.08475306588424741	-0.02685311109225151	-0.03552831390991123
ASV_556	-0.0181823742092076	0.10850002988882279	-0.06553671593733974
ASV_558	-0.07403518194282056	-0.0511338969598232	-0.047302003767907747
ASV_569	0.04964083095188273	0.039919563577133	-0.06407165912112885
ASV_577	-0.08075869253442496	-0.03544989514611268	-0.02589485571117197
ASV_579	0.0486735457420686	0.03729588913000954	-0.06197864824396648
ASV_588	0.06393206435670629	0.0011455870773786887	-0.03556335326838784
ASV_589	0.01017694804797076	-0.027941259442978202	-0.042218493618291934
ASV_595	-0.06557404049200422	-0.08684043804971366	-0.022001252651091062
ASV_610	0.009836454738521067	0.09133380789961835	-0.06026055211221058
ASV_612	-0.07058694510031126	-0.04882757785392711	-0.04495034239060673
ASV_621	-0.02484254410101866	0.11633889507221258	-0.03586815168312046
ASV_630	0.026219964423610846	-0.04839931393863905	-0.058374194755316466
ASV_633	0.020840191704503457	-0.05517174665378141	-0.04074906130812219
ASV_647	0.039488523272226635	-0.024676028384727853	-0.03600673953625161
ASV_654	0.004585595473862644	-0.04440573582553044	-0.04996068618988936
ASV_655	0.0038649889789710685	0.0432407609130634	-0.07586098080968057
ASV_659	-0.016842730489909193	0.10027111122675479	-0.06077695726867304
ASV_665	0.027142013052684568	0.07291891100173062	-0.058011409585229406
ASV_666	0.05452612461018032	-0.035520608193602254	-0.04543930418909412
ASV_685	0.0033829173294479035	-0.003969123902881216	-0.015020481000723175
ASV_700	0.06949836270920307	-0.005167134043446036	-0.013290591201362867
ASV_704	0.029767576720079066	-0.08482190409816362	-0.01012571085838796
ASV_707	-0.05955145633118007	-0.04125379359748548	-0.03814187708741895
ASV_711	0.058734936441572516	-0.03686502501906003	-0.009380519292487233
ASV_728	-0.030077139679356896	0.07300190309137251	-0.024590537361128314
ASV_734	0.0027378265560336185	-0.05231799062848662	-0.023020363055613714
ASV_741	-0.0064864190938201255	-0.07839714478498054	-0.012348098848872942
ASV_742	0.07141831191802958	-0.014559681122030455	-0.03234205197029308
ASV_754	0.029727309960201502	-0.03663598259570139	-0.03956069023261959
ASV_756	0.004826323638292515	0.057016099382330133	-0.05288895971682074
ASV_766	-0.06304190008987512	-0.021937422092734873	-0.012829965020135533
ASV_767	0.005467829199574382	0.10328277461333435	-0.041648494607425424
ASV_773	-0.05824980696150834	-0.040430563829998795	-0.03728058637130459
ASV_776	-0.017133334847901104	-0.04903536090362422	-0.020603518397239028
ASV_782	0.017865165951049596	-0.07261555588387303	-0.022012357425774075
ASV_793	0.008156873628914376	-0.007824320942795112	-0.028873653542523324
ASV_798	0.03325626142328038	-0.034476417333155825	-0.036968312895014274
ASV_807	0.015328207560369771	-0.04016070270622173	-0.04619159537345871
ASV_814	0.03744738139016662	-0.03910428408683845	-0.01898752779042801
ASV_820	-0.05200303601951222	-0.06393468789669741	-0.02078944349616034
ASV_826	0.015967145212859322	-0.06577018418729748	-0.007744694022700603
ASV_832	0.015857065952707906	-0.033412815559398595	-0.03493863744072214
ASV_854	-0.04996684219710266	-0.034674607735665684	-0.032661696401200556
ASV_864	-0.03225255888920087	0.013642181281756928	-0.038801906951211856
ASV_870	-0.04083617445504397	-0.0848906056158083	-0.0005388032356479984
ASV_873	-0.044763622169851684	-0.01950748440510285	-0.03291718132836241
ASV_881	0.018927187523885322	-0.04060937322685209	-0.030441143727230044
ASV_894	-0.038237661647271375	-0.026806521977722934	-0.025089497118340656
ASV_896	-0.06310412072405178	-0.02706192419243156	-0.004525374555082808
ASV_908	0.043143025309003984	-0.021815102647186387	-0.021382916103899054
ASV_909	0.009575612636577682	-0.007634466123026786	-0.024571340513326614
ASV_911	-0.03536868022789269	-0.025335601781367602	-0.023359035491163502
ASV_928	0.019152886265933197	-0.036151882024827255	-0.043090976220776366
ASV_935	-0.03633062141725264	0.04231966992509135	-0.009984278311018207
ASV_938	-0.04664338142827874	-0.03251123788833659	-0.030343035116837523
ASV_945	0.05103964260443176	-0.003254343085924384	0.009236586404831541
ASV_946	-0.04815976954519216	0.08104762784369862	-0.026825806177887525
ASV_950	0.05446444679087831	-0.029792414705206806	0.005020876911250944
ASV_965	0.03464824617538227	-0.013409526663557365	-0.030759741465891853
ASV_969	0.05146677043366883	0.010939605372009229	0.000741282248255092
ASV_974	0.04871632659242399	-0.009847870362218406	-0.02173873272523338
ASV_983	-0.012477443200283652	0.07292350201156651	-0.04519044141848731
ASV_984	0.0021731929235539755	-0.0032681184281147593	-0.01645432243465823
ASV_985	-0.005699974855488633	0.04581279140024072	-0.03464584237980909
ASV_986	-0.006396855075912402	-0.02492616957259986	-0.024010648664787734
ASV_987	0.06024757895721968	-0.012233731071219996	-0.02721644124785905
ASV_988	0.06017250081709272	-0.012080630660519091	-0.02717518455362541
ASV_991	0.06094061781782208	-0.012359832872286177	-0.02749516342863442
ASV_1003	0.04296716478089551	-0.02712304968620228	0.012948957627708637
ASV_1005	0.013569211229982893	-0.04698276836798729	-0.005370049082739879
ASV_1008	0.01919130990447276	-0.04304569729142114	-0.009307720805766185
ASV_1010	0.046760343481780216	-0.0068155572204787185	-0.01835879010481191
ASV_1023	0.0903158312634874	-0.00413132834842906	0.04453511801300777
ASV_1031	0.05446685727101468	0.04808196514073592	-0.009720949746074885
ASV_1033	0.008812667201022079	-0.007889097482652005	-0.025594540251535857
ASV_1039	0.04207576980882242	0.005352138218161947	0.002938825621978911
ASV_1042	-0.04102500098480606	-0.028580414213908025	-0.026984122847325702
ASV_1051	-0.03900567435177642	-0.02718381160604558	-0.025906270493088395
ASV_1058	0.03374999085161418	-0.012323473160011174	0.0031412599607179062
ASV_1061	-0.03933302144913722	-0.02737536429786031	-0.025940515289986883
ASV_1062	-0.03460056500859286	-0.04707677778042173	-0.013005872405195986
ASV_1063	0.09386309652003402	-0.03769110372218131	0.028019541528203493
ASV_1073	0.0223544834355203	-0.02584635986323747	-0.031874464646597135
ASV_1079	0.04106608579561421	-0.015117313534045235	-0.02378415355829774
ASV_1081	-0.021355734953106078	0.05732518388104342	-0.019114036544616145
ASV_1091	0.044823270528846514	0.001112332562276163	0.030727203409555537
ASV_1093	-0.023388596705873288	-0.01632764232374537	-0.016157639423068533
ASV_1097	-0.026478078910879468	-0.02309031954326906	-0.02174197148793037
ASV_1107	0.004284091998527617	-0.005120099983762446	-0.020298916599449216
ASV_1113	0.04816098194419796	0.0006065849258934205	-0.009950744554855437
ASV_1120	0.01072625204680884	-0.02551261775131839	-0.030225421876692835
ASV_1124	0.05468425945971705	-0.010869629570270104	-0.024670273482739383
ASV_1125	-0.010206520632568992	0.06233858029878559	-0.03917296222826742
ASV_1126	-0.029924924686041784	0.052322162306767034	-0.02104493756034285
ASV_1129	0.017176585978426345	0.08380666144077398	-0.02252994578406901
ASV_1141	-0.014037718795941082	0.04245647724711305	-0.0054891420969352045
ASV_1142	0.0031922413262618046	-0.04084017648779861	-0.006408494825637918
ASV_1143	0.016779755475673265	-0.031228618833678796	-0.03790522745825759
ASV_1149	0.028905663811413823	-0.007699587532317222	-0.015449560863792084
ASV_1155	0.02943260984863254	-0.02680747319432039	-0.01685210014762163
ASV_1157	0.03548813345878252	-0.01201557922527394	-0.019794378308407537
ASV_1163	0.009789054772708545	-0.008192266384292327	-0.027529024631275784
ASV_1164	-0.03128280999335351	-0.021896648068764474	-0.02053836841172349
ASV_1165	-0.011890686767818903	0.0637270252429766	-0.03485850988003101
ASV_1175	0.04969145645326257	-0.007847337980534158	-0.016798130183430824
ASV_1194	-0.010295638476526408	0.06267798323420795	-0.03873696266594777
ASV_1201	0.056037409718392425	-0.04717411419552546	0.0002823012895458667
ASV_1203	0.04266574636035735	-0.008484992587189112	-0.018807764515360238
ASV_1207	0.050580582483218936	-0.010175266232603678	-0.02301940840257709
ASV_1208	0.01513028952699353	-0.026307694268096114	-0.03304091868980873
ASV_1209	-0.024122075668720072	-0.007799937632956666	-0.004969938815528214
ASV_1217	-0.029540317061924955	-0.020844992726009988	-0.019597258917669877
ASV_1218	-0.028774435709565983	0.06400923248035736	-0.02355310206240118
ASV_1232	-0.0329804102112782	0.02592536159536474	-0.007839105899100007
ASV_1238	0.032938256217185824	0.06851789873267476	0.00650459066915275
ASV_1239	0.04641632212937151	-0.009396537766729185	-0.021116223001416665
ASV_1240	0.010649266882182028	0.07292627671604639	-0.02338994339585954
ASV_1244	0.03026355898726542	-0.0028457681254491327	-0.007149588666021492
ASV_1257	-0.008018159503267673	-0.016384658308531808	-0.013792444380603017
ASV_1259	-0.018433345861764976	-0.03461084798585609	0.02561364701645587
ASV_1272	0.025093545005705823	-0.008424773113372518	-0.014798676009366272
ASV_1273	0.0262478663103301	-0.00490010376032253	-0.011827201228641898
ASV_1284	0.013121982866114138	-0.025718730941743845	-0.03145590809703664
ASV_1285	-0.0031748007340612876	0.0018240511833233198	7.955966468159094e-05
ASV_1288	0.04351008806819481	-0.00882159541275572	-0.019711310462163047
ASV_1290	0.03629466977214395	0.009371378794661957	0.0015592264451690769
ASV_1299	0.052876592250452104	0.056927692671605766	0.04621909981537929
ASV_1301	-0.018866313332392526	-0.034853877851682875	0.010267526448383031
ASV_1302	0.02844757096163729	0.07046554808807218	-0.007018509749911372
ASV_1303	-0.008672900166845212	0.049734472638562954	-0.032049818946657004
ASV_1309	0.0328862342872026	-0.03746892583568383	0.020661432575967024
ASV_1312	-0.018323740043122056	-0.015391467637309744	-0.008802476746834853
ASV_1313	0.0013998759569143198	-0.02313714804402214	-0.02550046287891587
ASV_1324	0.040408538498149515	-0.00809723373317016	-0.01799886755238829
ASV_1328	0.032419837213803905	0.01451755731003252	0.012004690279124416
ASV_1338	0.011201140778728738	-0.021849616803635015	-0.01807016923073526
ASV_1346	0.03987710819585624	-0.025088386486697374	0.006515617320337089
ASV_1347	0.0037924991268756063	0.05749762689960718	0.009510957954337268
ASV_1353	0.04118376453705116	-0.006374474949521629	-0.011040440011528842
ASV_1356	0.040696188777154925	-0.008244533831347668	-0.018336686784129707
ASV_1358	0.016579827422369423	0.0150065371317487	-0.021462776179403724
ASV_1366	0.037326153699259616	-0.0073932021419337475	-0.016660997727969275
ASV_1376	-0.024446182633556437	-0.01808847029014992	-0.013319970303789546
ASV_1379	0.02942239813179642	0.00650889560175467	0.0014607015246795936
ASV_1385	-0.020166346240305177	0.0675324273647348	0.0031521751004126362
ASV_1387	0.013389177691199865	-0.018087873714741576	0.010387179615965473
ASV_1400	-0.001592198490989481	-0.013308447883552415	-0.01012617177932515
ASV_1404	-0.0007903243102648362	-0.04736151281146673	0.011199866993564275
ASV_1406	0.02398915929706502	0.0791091793460814	0.015061763149769586
ASV_1416	0.030729047262054755	0.0013387831972610648	-0.005524117867630125
ASV_1418	0.00011235182824808559	0.01609324499166658	-0.004351804704147257
ASV_1422	0.003160050019359457	-0.0041129560053192165	-0.015710766043206505
ASV_1426	-0.019341271793624694	-0.013048039015122033	0.025826658974242397
ASV_1431	0.027519880270195196	-0.002812338079222406	-0.0036046587479164173
ASV_1433	-0.011267740821920016	0.008190418609696265	0.023744608505401766
ASV_1436	-0.006603322743766212	0.042530643843680986	-0.026730656044645536
ASV_1439	-0.0313293911747248	0.007759821407428135	0.012317297438667767
ASV_1450	0.023402676855183095	-0.01640339134510153	0.024122356106702145
ASV_1455	0.001889072021441919	-0.04093125493696856	0.012999307641825122
ASV_1460	0.0289291913862747	0.015777693792511968	0.00993839913557693
ASV_1470	0.0011703804619720823	-0.002584014419582657	-0.011511775828380429
ASV_1471	0.034459235975564655	-0.007001540991372285	-0.015538617075355388
ASV_1472	-0.027018572338607952	0.020414317118895395	-0.006088254218638361
ASV_1477	0.006171803928945835	-0.01764369261384949	0.000318575036589987
ASV_1486	-0.02779432525221705	-0.004549073834936499	-0.00039907737942217365
ASV_1489	0.02531078062240433	-0.03985905105246268	0.04522861863641612
ASV_1490	-0.00958338548687609	-0.03017383342113918	0.004068006413312553
ASV_1500	-0.016979401566980305	0.04319663334390012	-0.018642356607257958
ASV_1502	0.012344045962623175	-0.02407455876849004	0.002696046267864202
ASV_1503	-0.004325215071511188	0.0267030965030246	-0.019964017460947173
ASV_1506	0.03471274360736947	-0.0069819534327180775	-0.016224928680502997
ASV_1507	0.031711467041987663	-0.006520948620492199	-0.015112254263676364
ASV_1518	0.03441771787705325	-0.0061860729496493886	-0.014050881453153129
ASV_1521	-0.013947101894699157	-0.009997303351896955	-0.01048385393188604
ASV_1526	0.0355375794101669	-0.00720986025389653	-0.016587851707432696
ASV_1537	0.02994692784699707	0.002454524424460451	-0.0030058377122310813
ASV_1543	0.03312673155049156	-0.005318661556357401	-0.009548284787504618
ASV_1544	0.019194356625932055	-0.03465303781583386	0.03600354892452559
ASV_1545	0.007630376278417638	-0.005608964323724222	-0.01921296424373463
ASV_1551	0.03427333644416966	-0.020858717797894315	0.0026424204732355097
ASV_1559	-0.022756007231240133	0.032771800547218025	0.019559971640581347
ASV_1562	0.018651223515664152	0.009380325251349431	0.032924983437250574
ASV_1566	0.012042284848146472	-0.04690751867239736	0.043403619797369467
ASV_1576	-0.011412833869284008	-0.008345817812149202	-0.008477762881170912
ASV_1578	-0.017277293243258943	-0.01229053732324113	-0.011940307482759796
ASV_1581	-0.008211804605101479	0.04338814922759238	-0.018800264136063095
ASV_1582	-0.022844156051839284	-0.00471716385981733	0.025443092481607293
ASV_1584	-0.013637972388329683	-0.0067636095066803195	-0.007601364854454148
ASV_1589	0.029820510118549845	-0.0060116342980427034	-0.014320951311582572
ASV_1593	-0.006504290299989568	-0.004877582743567924	-0.005662871931258684
ASV_1601	0.05858944770533727	0.035460555374040595	0.03632406295152777
ASV_1602	-0.014837884439341692	0.027936376750202323	-0.014046889640058577
ASV_1604	-0.03334471258897394	0.011742321647736087	0.011829740625144431
ASV_1609	0.00015805894645963496	-0.024124122233684965	0.026303735995726822
ASV_1634	0.026499527843174175	-0.0025806950517033383	-0.004678434341507291
ASV_1637	0.01719778965371964	-0.010725837828034912	-0.003073670126367071
ASV_1643	0.02802656426324675	-0.005728836097024434	-0.013285527713864924
ASV_1654	-0.010753539908240375	0.04390569096678117	-0.0011161502553049911
ASV_1656	0.00019614663486956123	-0.04925445083829619	0.038931827491606265
ASV_1660	-0.01009505193103776	0.04061670041369337	-0.014283571507764513
ASV_1665	0.016319124274401586	0.01070388888651945	0.007898415044718641
ASV_1666	0.049069241590816874	0.01083710645864668	0.0060347280650220915
ASV_1668	0.008420305843229935	-0.01577172982631627	-0.020331385987922165
ASV_1678	-0.041096372544241415	0.04088896665428725	0.011276699080954463
ASV_1679	0.013124354691162429	0.018524039615565063	0.016820210481682817
ASV_1689	0.025869917252344835	-0.005354002165685594	-0.01252507311833406
ASV_1694	0.003097356717522789	-0.003119514166954502	-0.013531336030749354
ASV_1699	-0.0017488737676085336	-0.03324169027421968	0.015707108817678943
ASV_1704	0.008837559570667326	-0.014194341140815088	-0.01801589246557216
ASV_1712	0.020924103527413897	-0.002545115589641992	-0.0038612945466470075
ASV_1714	-0.005610320823724656	-0.004273792901698228	-0.005286248311534507
ASV_1715	-0.00530996009894887	0.02977549013045253	-0.020530503261929522
ASV_1716	0.02604863292811462	-0.005475739171547132	-0.012558479880507524
ASV_1717	0.028055527498448772	-0.0057480088084864624	-0.013622098329517418
ASV_1726	0.023994144648180643	-0.00515074370583599	-0.012045255232141595
ASV_1731	0.0259929982825574	-0.005184236314627682	-0.012087195393238303
ASV_1741	0.014616268769050166	-0.007020620691203755	-0.01151713056031199
ASV_1757	0.026512299722010885	-0.005151841490519802	-0.012145112088744308
ASV_1758	0.02612287120906011	-0.005378917420946392	-0.012557769139060926
ASV_1763	0.003613605934631553	-0.0019374015919843579	-0.010654350839643138
ASV_1764	-0.006497701128983711	0.001779939980834896	0.002197156625108558
ASV_1765	-0.012648332211782066	-0.008140698937376005	-0.0008909637686518794
ASV_1766	0.01408282534784741	0.01722167604861689	0.014091563054247358
ASV_1768	0.008047451751260001	0.00949123031356448	0.03856693801219041
ASV_1774	-0.014826604364259224	-0.010600099045838631	-0.0105935111438117
ASV_1777	0.01943512792335015	-0.004072776933045925	-0.009365357631511053
ASV_1804	-0.027581648917109736	0.039941985519733936	0.013599252779698787
ASV_1821	0.020953199984752834	-0.004569823914430265	-0.010655815538318758
ASV_1828	0.008468397354125967	-0.033432375650710014	0.004970550944062024
ASV_1829	0.012046975256895983	0.013283467646976537	0.009309167785141861
ASV_1832	0.0018313169457226984	0.0006985906588393379	-0.0005550530329175703
ASV_1836	-0.0008845743875748169	-0.02472344036590183	0.0024556830192554923
ASV_1837	-0.005105664632936063	-0.016114569751688203	0.02856575126787592
ASV_1846	-0.0023332700138823277	0.0009288350068521096	-0.0014186318379903616
ASV_1847	-0.0037302191960110385	0.025748929907463778	-0.0169383232826906
ASV_1848	0.0010665543890270995	-0.002187190856057443	-0.009866589907222436
ASV_1849	-0.03227303285194413	0.003559373421542542	0.0014658418745997972
ASV_1858	-0.0018054997339520746	0.011079836593184818	-0.009929568331127417
ASV_1862	-7.080065088143523e-05	-0.03452886855313144	0.04425471575556194
ASV_1868	0.003419755540676037	0.006558460282437445	0.0070471071186148145
ASV_1869	-6.60739396267015e-05	0.0012015422802496931	-0.0007771399894057161
ASV_1871	-0.0073253985650645745	0.008061102124083145	0.009401888201221531
ASV_1874	0.006003605791477216	-0.012058405759405158	-0.014784777457974622
ASV_1875	-0.0036524874818494985	0.023600041489426418	-0.016133301829462855
ASV_1883	0.004747688506776915	-0.003701802553284108	-0.012959471463512643
ASV_1884	-0.01646793796738988	-0.002014556024521855	-0.0007416132892559589
ASV_1887	0.008935485925498591	-0.002586296805017456	0.026038335294563637
ASV_1891	0.02001360608821337	-0.004085491590498599	-0.009890060062323467
ASV_1897	-0.03201064782720094	0.0029756357356196844	0.009546489961674611
ASV_1903	-0.018082425083852834	-0.005442795087902551	0.0015264551764295803
ASV_1906	-0.03468452843460945	0.024433002143114738	0.01222964816114847
ASV_1918	-0.021509009609434568	-0.015614213696617207	0.035656301261842265
ASV_1921	-0.015540317785943558	0.036417703535322664	0.020046110275547757
ASV_1924	0.0034080056726832025	-0.0018184856260819121	-0.010039553603250003
ASV_1926	-0.0016683306343601978	-0.013575719377543389	0.039049657694309056
ASV_1930	-0.0031832183884729632	0.00989866888287951	0.010733866065660316
ASV_1934	-0.023786406494726076	0.010323854858551423	0.04401464750901914
ASV_1938	0.00022920476297390283	0.00572198244849733	-0.004441893391344207
ASV_1939	0.006778280516179377	0.013412435388920776	0.014526949374015705
ASV_1946	-0.006010583187882343	-0.015318523360123926	0.022136006125060042
ASV_1955	-0.024451576194579428	0.015485232770498188	0.021004134010876432
ASV_1956	0.017632073992058548	-0.0035650213740269976	-0.008337302123715494
ASV_1958	0.017195144641092886	-0.003635606749372209	-0.008566148630840993
ASV_1961	0.01851905235612631	-0.0034743929358203173	-0.00870785159271916
ASV_1965	0.004346767529978995	-0.003051879983157217	-0.01202135024069215
ASV_1966	-0.009318259076506678	-0.0008992938259696933	0.0046325760181974455
ASV_1970	0.009863824523133278	-0.0415945639596058	0.015036627209606714
ASV_1984	-0.026563483913560143	0.0021923718613461717	0.01013648182259652
ASV_1993	-0.014672237035727618	-0.005859240957086055	0.018704921407787217
ASV_1994	0.0023490912556457483	-0.0019729257761442118	-0.00929853935744593
ASV_2001	0.0040065802473347005	-0.002634316030934469	-0.011377607349031215
ASV_2006	-0.002875406486441107	0.02065391205396542	-0.013602515235641068
ASV_2016	-0.008309762178107317	-0.03260379931016894	0.04415162106516638
ASV_2026	-0.0014228810094890473	-0.0032795126926468536	-0.008198791475778174
ASV_2027	-0.007935346391147659	0.009720087095010236	0.01565639386182165
ASV_2068	-0.02529253255819576	-0.014262878536177106	0.04089568834156667
ASV_2070	0.017775565361420925	-0.003337244149148914	-0.008407780210487754
ASV_2074	0.003907361075026045	-0.00851775575855024	-0.010757561989427808
ASV_2076	0.00661898211549411	0.004038338246447904	0.0023456615751608523
ASV_2088	0.04861829869308808	0.029712148088193686	0.022879577444763995
ASV_2096	-0.00933326117927109	-0.0015579085918344222	-0.0008383705797619512
ASV_2098	0.004474561911568046	-0.002747206003653421	-0.009121397632321348
ASV_2106	0.0028683957332941044	-0.0015034928438483392	-0.008816457794475034
ASV_2113	0.02444160379803807	0.01667906131179267	0.013583991029107515
ASV_2115	-0.027153690185000984	-0.014798454664024715	0.042118801324713
ASV_2116	-0.001399875514811684	0.0040925446135513755	-0.004497610349032881
ASV_2120	0.009026553319223442	0.01996836060823004	-0.0033097647613971343
ASV_2121	0.004091678883411661	-0.006324030549983521	-0.009230285232407211
ASV_2123	0.009220127160109571	0.005697967654308327	0.0038497155293137396
ASV_2129	-0.01255338541939541	-0.0044705939938432075	-0.0019198193243480715
ASV_2131	0.01513384176482169	-0.0031134807723578735	-0.008064174635975935
ASV_2137	0.02323966139880201	-0.01382034308604385	0.02918938705417344
ASV_2160	0.014229852278530835	-0.002983981404521707	-0.00742556557964393
ASV_2161	0.0006877479400360073	-0.001696700071393861	-0.008047028483261522
ASV_2186	0.02082475504263081	-0.007984051436589767	0.04607446263126249
ASV_2192	-0.01395833684758568	0.008299677266716812	0.007254116874948493
ASV_2195	-0.017028998734380782	-0.015084651754767453	0.01608911307699258
ASV_2197	0.012446078672218312	-0.002475862765765448	-0.006117321447405985
ASV_2205	-0.009419787524622214	0.007804491131576517	0.027424113284180138
ASV_2212	0.007882957733199887	0.00687687867436911	0.006851211117105599
ASV_2216	0.03125046313969112	0.008490829371679668	0.022049052356066936
ASV_2224	0.0014606451068425454	0.008937541084584801	0.007360305522499355
ASV_2231	0.056231485956479504	0.028886800922988485	0.09859649340638182
ASV_2235	-0.01421364344653939	0.009645411544265164	0.033886427183589134
ASV_2256	0.008146993440999412	-0.0017369292461513412	-0.004439930970666174
ASV_2260	-0.0005659211329589347	-0.0009462817295837111	-0.005791971573500098
ASV_2262	0.02536964189850143	-0.018212524771283694	0.029729968804252674
ASV_2274	0.010421282585281319	-0.002130484579391996	-0.005665341825281355
ASV_2275	0.00038034713380851934	-0.000904027222460474	-0.00648270204588686
ASV_2284	0.004282721763446472	-0.0027733029218195682	-0.009409226840088662
ASV_2296	0.012159376812813785	-0.002532011469982362	-0.007120345789143257
ASV_2298	0.0001459624209507993	-0.018033707658754814	0.03235998814118674
ASV_2303	-0.03811164803316835	0.004742886584097317	0.010474665107305945
ASV_2307	0.01582399708118691	0.010503830746129978	0.007959250502782435
ASV_2311	0.009342931439784988	-0.0033876670923617827	0.041273249403047135
ASV_2313	0.015159041647300182	0.009902840136167436	0.007206112474548212
ASV_2315	-0.006061232026998246	0.00782526055655005	0.011650368512726527
ASV_2316	0.012351543811090486	-0.04013642991591704	0.02117144726506287
ASV_2325	-0.03326225120783085	0.010603908207860299	0.021402486887578256
ASV_2328	-0.0005738087118461881	0.0064619239950098745	-0.006534392802009175
ASV_2330	0.028001028585396895	0.03620561733457545	0.06689456052212056
ASV_2334	0.0012802269193782358	-0.0027407149246827986	-0.003055794838333772
ASV_2351	0.0016881472058485792	-0.002659937012051957	-0.002214893318021445
ASV_2354	0.0039339131113447405	-0.025424447414924996	0.03553945509567655
ASV_2361	0.004842571289980744	0.0011093536897762415	0.002423796407416111
ASV_2381	0.0016072283525258996	-0.0011987995494190606	-0.00592067703692923
ASV_2384	0.001456860567307785	-4.632782686986626e-05	-0.0012754003781244633
ASV_2395	-0.03873731506481028	0.011908864278927496	0.012492636316820429
ASV_2403	-0.014894943060528047	-0.032548755981428014	0.04068022495989643
ASV_2412	-0.0181147587339032	0.006951326342230766	0.004541529074541422
ASV_2424	0.0034813416128396412	-0.001231465961561652	-0.003685005593257228
ASV_2425	-0.005714121750782752	0.0022970171371973084	0.006797855578651738
ASV_2428	-0.006493379838654656	0.011186017606057027	0.014615637086970676
ASV_2442	0.0032982479221380506	-0.059185817137249484	0.04846349204383693
ASV_2449	0.01112949926792159	0.007198535721760708	0.004487431209433989
ASV_2455	0.002564034590831017	-0.0012788738506587787	0.0683626692879187
ASV_2457	0.025735690646531383	0.017028414489911894	0.014330334746512383
ASV_2459	-0.016581098648586087	0.025085893828665346	0.03784475832523363
ASV_2460	-0.016258069722599508	-0.03245994684604857	0.04399402600346083
ASV_2465	0.000941648854961855	-0.0017098015286381623	-0.007887387378511253
ASV_2472	0.0030947200299558126	-0.0007048023583011118	-0.002203767938294785
ASV_2473	0.001667145769839825	-0.0015680192906421721	-0.007473601988251715
ASV_2474	0.02790161909759436	0.01860631051346806	0.014821937390241353
ASV_2475	-0.00239484960362526	0.003580282117417766	0.0015876508362143928
ASV_2478	-0.02656466604596304	0.014312529409056463	0.019759034137621263
ASV_2485	-0.016420201830023396	-0.002483846898344501	0.034917075926866555
ASV_2488	0.0023022881503206097	-0.0004914437152532481	-0.0019845429072678773
ASV_2495	-0.01468570908534214	0.006496603956834286	0.010383057060176351
ASV_2496	-0.020324386712952874	0.0021507911954045684	0.013521836968345458
ASV_2511	-0.03512883412065856	0.013324915680620891	0.020527703190107723
ASV_2515	0.04260581319483542	0.02342930526037169	0.06050982686971961
ASV_2518	0.014572470110677055	-0.00274637890152404	-0.007115010833007869
ASV_2521	0.001936403219398272	-0.023569945959006508	0.026067379297600075
ASV_2523	0.003084771710845152	-0.0004980633364436468	-0.0019990355901816927
ASV_2525	0.019828754160357072	0.013124924500080556	0.010401089821500738
ASV_2538	-0.004461953286496803	-0.01934961952839232	0.03862382920519778
ASV_2539	-0.023218229242782887	-0.018743227751997805	0.049876695341611474
ASV_2544	-0.010214312302703183	0.01814373278983464	0.02912430108210172
ASV_2546	-0.015393578195014631	-0.007858348558411296	0.04920126664484697
ASV_2551	0.004270092767415701	-0.0007027121473177159	-0.0023472906308911706
ASV_2561	0.03592296278527507	-0.0009075882898825681	0.07542105505600213
ASV_2569	0.005060237310325393	-0.000976026182985322	-0.002813903150948803
ASV_2572	0.019819493913496015	0.02010104775215374	0.018492018827108537
ASV_2580	0.002089211572777588	-0.0003873151804792485	-0.001559245510813452
ASV_2581	-0.004884103659792348	0.02078645624230272	-0.005523766718273654
ASV_2582	0.017486681813134793	-0.003699849069997823	-0.009601301290141886
ASV_2587	0.0068442083491061035	-0.0015477345945868225	-0.004339076510405801
ASV_2589	0.0009354901463655654	-0.0005643266159995669	-0.002604715373799678
ASV_2590	-0.0019694870143952517	0.007618908760057753	0.008266750045345389
ASV_2594	0.027696155758350643	0.04261053603171481	0.04851042590795876
ASV_2597	9.949287289124525e-05	-0.04863205329190422	0.056354561760281315
ASV_2618	0.020460620374724025	0.013528082256841892	0.009925374005232404
ASV_2621	0.017144717216698815	0.04193348469633286	0.04218959616238921
ASV_2630	-0.00020704148755322193	0.004148990330708725	-0.0037402716120130295
ASV_2631	-0.010317387046367123	0.025419692672434678	-0.0012645964707274858
ASV_2646	-0.0031803759344160246	0.0002950357857774051	-0.000971025190533324
ASV_2647	-0.0016711798095205641	0.001502920155110695	0.0007234610864845267
ASV_2650	0.004071997747040462	-0.026434038964339473	0.017172377659768586
ASV_2651	0.004905854324191977	-0.0009868226481554664	-0.00339452309425919
ASV_2652	-0.003244947594994087	0.007975375076096762	0.008666555110489431
ASV_2666	0.02576064553983633	0.018162332396161898	0.015120311735275987
ASV_2697	-0.0033356432466956688	0.003835655265789987	0.007499969172944698
ASV_2698	-0.00017381605277990447	3.171545597265656e-05	-0.000614273246619042
ASV_2702	0.00044097898950222616	-0.004259758874512902	0.0023725524639749453
ASV_2706	0.05544756066176922	0.009113001676145979	0.06491477326947305
ASV_2712	0.0322081333161705	0.05299351568803554	0.053547489089141115
ASV_2716	0.0019086515055164335	-0.0170861628674211	0.014510940278549362
ASV_2727	-0.0248696329187504	-0.007945176339623815	0.04790494785237535
ASV_2733	-0.003512514252824266	0.001237584327570849	0.004303435236182321
ASV_2734	0.0009817690806915326	-0.002865698492011115	-0.0006367092284782885
ASV_2740	0.0022299582437369605	-0.0012440985381619637	-0.005277098840487539
ASV_2743	0.0009677571694629815	-0.001334219998004119	0.00024122351253032029
ASV_2748	-0.0021190434879597834	0.007778219455321234	0.007858827511565141
ASV_2753	0.011594393654352032	0.013466536365507042	0.07800430337253784
ASV_2760	-0.004698029017201667	0.000872761756909682	0.0005460594861277912
ASV_2764	0.001483546309449746	-0.00760167063757131	0.00210547069244598
ASV_2772	0.0005622856232509476	0.00014185339768705896	-0.001182469725820809
ASV_2773	-0.026695343465399316	-0.0083597752426987	0.020483977478795424
ASV_2776	-0.002382443589113455	0.015276622909582916	-0.01218334491014148
ASV_2781	-0.029070968902790532	0.010998665109092316	0.01740679084145301
ASV_2784	-0.007782491452407367	0.012484599386632362	0.03142673998873699
ASV_2785	0.03204394456201602	0.021404794342844972	0.01777515857120534
ASV_2788	-0.010727278887429092	0.018204371672527257	0.018926724902104418
ASV_2789	0.01083460292420509	-0.0018343056620732663	-0.005469512992864842
ASV_2806	-0.043029209011143064	0.0019171207574803857	0.032702220006239
ASV_2808	0.0018902282952247965	-0.0011766955815183011	-0.0031742226075956916
ASV_2815	-0.038313236540417205	0.01618860239974816	0.026217796069776155
ASV_2817	0.00016954428291610557	-4.0247758742880925e-05	-0.00266676764340094
ASV_2820	-0.007929934817131447	-0.05440520141865899	0.050202689328709714
ASV_2824	-0.002448389574920171	0.007934239228005872	0.010580587076580508
ASV_2831	-0.0159785061436941	-0.005050513893305261	0.04418471325523737
ASV_2839	-0.0020652218799611178	0.0036194294240107397	0.0031136390563682127
ASV_2842	0.015684003156677322	-0.008563453192901548	0.01694452580607839
ASV_2846	0.0018924792990790524	-0.001994941941834296	-0.0076348393560862395
ASV_2852	0.060716504226490685	0.016267798099782384	0.04569097351780187
ASV_2853	-0.0008065828025398043	0.00013431701451560807	-0.0018132163136881556
ASV_2861	0.04284270560785525	0.026447265522150185	0.07531279107680318
ASV_2863	-0.017033707648159264	0.017236740814263476	0.021896447360250627
ASV_2881	-0.006732401891451868	0.0014777632690708064	0.0022453683137484645
ASV_2905	0.03165189062675943	-0.04291493717344908	0.09204843245572573
ASV_2915	-0.005516737745855659	0.0009597399170842993	0.0012465578706323292
ASV_2916	-0.0037503872719266054	0.009820349556823087	0.009111380085489425
ASV_2919	-0.002024766902847431	0.013990579409177688	-0.011201412615021071
ASV_2923	0.012080665535618842	-0.0022867232834363096	-0.006109318402053365
ASV_2928	0.001009438839243719	-0.00549600954224835	0.0006559161887133094
ASV_2933	-0.005029395607594794	0.001100079820882584	0.0014937182596251094
ASV_2935	0.004142744122136601	0.03958837363525689	0.045243526738870624
ASV_2950	-0.02326443872866243	0.0059149952535224055	0.012984383435349718
ASV_2954	-0.006349330873686072	0.0011492967271572241	0.0016756678324953821
ASV_2959	-0.006509104782191223	0.011574209572451392	0.01256414734945773
ASV_2962	-0.0058242554595727344	0.0013118509819160015	0.0015568666985747838
ASV_2964	-0.03325559861780871	0.007615865000866187	0.01675314348060513
ASV_2976	-0.016045293708647292	-0.006607727866404559	0.028642027260938858
ASV_2979	-0.02057401794035233	0.0039337257241176355	0.0061757915168532485
ASV_2993	0.03198066410986023	-0.0002972297084689241	0.05530041719987267
ASV_2994	-0.004318518761840177	0.0007750666185436793	0.0005322448469871849
ASV_2997	-0.020933517031419806	0.01759812812513214	0.020991319163904527
ASV_2998	-0.00657117459956402	-0.014027745184240107	0.014384302327567548
ASV_2999	0.0023872397102441055	-0.010107568931106712	0.0038399089228583084
ASV_3003	-0.011010885665536756	0.0022393375021051154	0.003915924369419134
ASV_3010	0.0024521571347767826	-0.010447269577738554	0.004358743768852387
ASV_3012	-0.0010627264562308666	0.00024911898049243507	-0.0006709582114984096
ASV_3015	0.0015698368935153527	-0.0005263393241389762	-0.0017024400912739493
ASV_3017	-0.0005267158012727644	0.0003805075085599413	-0.0010852798194622574
ASV_3032	-0.01725498966404483	0.017001818288338293	0.021214678130537106
ASV_3033	-0.00012719048647867544	-0.0007353460776198227	-0.003290445204878219
ASV_3036	-0.023565886235817634	0.006328217846641432	0.01050654603311713
ASV_3042	-0.025016063336388075	0.0052917784102002405	0.009554179125025656
ASV_3043	-0.009360372277624818	0.0019489887620794556	0.002857748577811698
ASV_3046	-0.034528868916891976	-0.02139236962842362	0.03386271189112522
ASV_3047	-0.009964134564173078	0.0015071826253364343	0.002316490170899611
ASV_3048	0.003513377278619213	-0.01657300325545797	0.007156088155383229
ASV_3053	-0.0015378665755935873	0.007228536687323488	0.007363051991390334
ASV_3063	0.003635558334742374	0.0341760972446068	0.03911842683737032
ASV_3067	-0.011079839733197008	0.0019821302044462194	0.0028890157724520194
ASV_3070	-0.0122787752311157	-0.007737579299484784	0.028858566572814236
ASV_3072	0.0034213877577049475	-0.0046979741532070145	-0.0072091771058625876
ASV_3077	-0.025189614797570477	0.012603010086007164	0.017431548706915004
ASV_3080	-0.006595088341312929	0.0009106804464470047	0.0008674022838853553
ASV_3081	0.002758541694619591	-0.014624710517839538	0.00574637438643355
ASV_3088	-0.010330414658218288	-0.01450015650553154	0.01429774662546958
ASV_3105	-0.008832406282102762	0.00315613922069756	0.004337208879237168
ASV_3120	-0.0004794586335551176	5.2738056045403096e-05	-0.0011144823385682086
ASV_3123	0.0024653179967459673	-0.01074755263706123	0.00496917319366012
ASV_3127	-0.024436799095789264	0.029558629302215842	0.034628706813682505
ASV_3129	-0.013316260101476149	-0.004380880737464565	0.03478724019146213
ASV_3130	-0.012209831524101464	0.0021928001706068693	0.0033992015023696868
ASV_3138	-0.0013257378628671488	0.0008491284723220959	0.0005811468785860191
ASV_3141	0.002490503289929287	-0.011405331867477983	0.004971652166944511
ASV_3145	-0.02351560162402453	0.005384863007828633	0.010430763288496132
ASV_3152	-1.4924559780225135e-05	-9.920945622272649e-05	-0.00027832886892260205
ASV_3154	-0.00944804474984346	0.0017980830592809556	0.0030231192941801957
ASV_3155	-0.016907479560856527	0.009073658149189904	0.013082812085722555
ASV_3156	0.0032602680574269783	-0.014678054745230203	0.00704273399650506
ASV_3165	-0.014588548121040563	-0.0063841324823555165	0.016726639790289637
ASV_3168	-0.012782798406172675	-0.02530223320497753	0.032203350050198816
ASV_3175	0.010528962164138053	-0.0020004852776769064	-0.005483050856273457
ASV_3176	0.010528962164138053	-0.0020004852776769064	-0.005483050856273457
ASV_3185	-0.009975367964876317	0.0016879059231329758	0.0030086476257475524
ASV_3198	-0.01348182372277421	0.009610722214294886	0.011871563668843852
ASV_3199	-0.013179201611027792	0.009737796509070803	0.012447883022835147
ASV_3204	-0.02110647486599674	0.004639643227255838	0.00979237272892209
ASV_3205	0.0005327439918872076	-0.00043181098359879933	-0.0018156467297786724
ASV_3212	-0.0024238398138879636	0.004126778640755186	0.0039331632236147
ASV_3214	-0.005150889195203358	0.010852138132655495	0.013308018290218314
ASV_3216	0.005419431090523545	-0.021685150801601896	0.010122598236529372
ASV_3217	0.01614087054465304	0.010414386809258467	0.007703154641698004
ASV_3218	-0.026807442568970767	0.01012383452707237	0.016622403907893022
ASV_3225	-0.01790634521483251	0.004522116528968144	0.011061086615600048
ASV_3226	-0.01766364387114355	0.01751055482651437	0.021328885103610282
ASV_3230	0.08597542229556465	0.034547162987923256	0.06148068663022105
ASV_3231	-0.03544052574377766	0.01940583532661672	0.03046925132595257
ASV_3260	-0.01874454924635886	0.009095195006879782	0.011295713622596576
ASV_3261	-0.023743108757981992	0.016574234105800712	0.020094312135254484
ASV_3262	-0.03355166700888536	0.0315232675951459	0.044254027023918584
ASV_3264	-0.005933404440071313	0.011846523058880601	0.012386576616985445
ASV_3265	-0.07093141239433412	-0.0010184952289909019	0.07267057244991455
ASV_3266	0.037390453254522976	0.025123054553288064	0.02119362628460192
ASV_3267	-0.0022366541227210397	0.0009441529236521713	0.002710767060902539
ASV_3275	-0.009327277160546264	0.0016232563210934671	0.0024926761269556154
ASV_3276	-0.02157479973552416	0.016727114433089035	0.022185362430251498
ASV_3280	-0.03668445043589039	0.010010201026363394	0.05173234239810767
ASV_3283	-0.0024296596760844643	0.002317661110144788	0.0038315750670620007
ASV_3285	-0.027737758566485894	-0.021497269240658635	0.029204193868462857
ASV_3291	-0.008755173117087237	0.002333784557612385	0.006179476011672499
ASV_3295	0.001474710353649224	-0.01570708811794078	0.013155623259068827
ASV_3296	-0.0013659347374180822	0.0009824196622662891	0.0024012073325762164
ASV_3298	-0.006362467983043293	0.013638025904713786	0.01665725588218947
ASV_3317	-0.018185973623843065	0.02422243910962746	0.028577835092373667
ASV_3318	0.04325990061476616	0.034336279358744615	0.06352729442507282
ASV_3329	-0.013048549367977082	0.0025874415947318655	0.0045226494583190625
ASV_3330	-0.01908316641426082	0.0035444656948209505	0.006673592633985239
ASV_3348	-0.02291338375611119	0.01346195591220903	0.019409692257694722
ASV_3361	-0.018220075396035203	0.0043196243360499945	0.00849038503949608
ASV_3363	-0.01523603626126668	0.003308341200548007	0.006158846988222365
ASV_3365	-0.008020283803757411	0.0016950277412639489	0.0024094808289473004
ASV_3367	-0.000938800978860887	0.0007423793145491129	0.00022538377840104396
ASV_3368	-0.02186829383638159	0.012356585493504147	0.018989317901879042
ASV_3372	-0.002060980040379128	0.0018187206051269874	0.00324286630250648
ASV_3383	-0.0015840514736375484	0.011053568203006355	-0.00924631274135421
ASV_3385	0.0038230003498980116	-0.0061602929222046065	-0.009157128402800412
ASV_3387	-0.008362186619256242	0.0016176592278759289	0.002330871700075548
ASV_3388	-0.010186224062417438	0.0075016842528964345	0.008044654610287824
ASV_3396	0.04055047067299035	0.027128296582930585	0.02294551688665662
ASV_3400	-0.008595862874060086	0.0034424290603025484	0.009552267533721345
ASV_3401	-0.0379541230736916	-0.0023022503619772317	0.03137544004099983
ASV_3402	-0.006066644328135158	0.0010272831583265473	0.0016237548456794965
ASV_3405	-0.035735588252859926	0.006490854913364249	0.015604836873799632
ASV_3420	-0.025034972311954777	0.009886465542701424	0.01743335430840151
ASV_3438	0.0009624887793654892	-0.001352810593815698	-0.001260066389570075
ASV_3440	-0.014607895846246487	0.00280403345950611	0.004935006835529482
ASV_3443	-0.003827307147149336	0.008174423697760336	0.008932698220513352
ASV_3446	-0.004293666106056562	0.004265239642781838	0.004253058894922285
ASV_3448	-0.03387494874395109	0.007760486817409043	0.032490208611106096
ASV_3450	-0.01366173621990637	0.003136395886534616	0.007026255591124267
ASV_3451	-0.016687678841105974	0.003053245759966731	0.005731629731086227
ASV_3453	0.0007813970528690904	-0.0010973186583529138	-0.005348102195463644
ASV_3455	-0.014982975284988582	0.003009878118907596	0.005434004901090285
ASV_3457	-0.0033758828414183054	0.007160723665899832	0.006832769392172143
ASV_3459	-0.018941121334915722	-0.010235382869971204	0.022350092963268706
ASV_3460	-0.031175565662784302	0.02141423971292557	0.02705333294885681
ASV_3478	-0.025240975985698362	0.007013607853065294	0.01658167627134199
ASV_3486	-0.004567862352709994	-0.005058610020474887	0.018131388215775115
ASV_3487	0.03766951107073476	-0.010766274836821554	0.03709397406877604
ASV_3498	-0.006704194250465336	0.016970539610758013	0.018274680134227488
ASV_3500	0.0034705277748954704	-0.015156958666611991	0.008552078851993376
ASV_3504	-0.014276908113433765	0.003951679139779791	0.008869952343257386
ASV_3505	0.0010229327368527438	-0.000332291967471278	-0.002469221613014578
ASV_3507	0.0051675459983840915	-0.025439107417456752	0.012795588251492612
ASV_3517	0.0013674235382399392	-0.024265730323758603	0.0362224336760569
ASV_3525	-0.01905784675893601	-0.03296034778201433	0.05335826578071675
ASV_3527	0.004700029034329289	-0.02742228646240979	0.013265684944740638
ASV_3532	0.003996581913677448	-0.03211889385373325	0.02660827010938639
ASV_3540	-0.015359049767973724	0.004814508173945323	0.010056798398172166
ASV_3542	-0.012634181240819494	0.0027091754499749634	0.004807934662517422
ASV_3543	0.06440460383492946	0.06146842887109457	0.055861494767809716
ASV_3556	-0.012352082946428412	0.019812084929294822	0.02743784697030029
ASV_3557	0.0689859667436181	0.006175568702157358	0.05765425950349004
ASV_3569	0.004573385475583387	-0.023392775871566424	0.01188787268764021
ASV_3572	-0.0011169162320589779	0.00112021831861361	0.003091968026539349
ASV_3593	-0.013067875860378362	0.009148199557436279	0.05500341920306425
ASV_3598	0.002223249603018206	-0.0012862299613994297	-0.004889014311682632
ASV_3613	0.04885294095893256	0.033068639500661426	0.028104552417460234
ASV_3639	-0.01226646646362227	0.003192066892726692	0.006797429181486681
ASV_3642	-0.01858267661211844	0.014703700541180795	0.019796735542352364
ASV_3646	0.004982935529801302	-0.026218516462334782	0.013080652970005418
ASV_3647	-0.00803933568107111	0.011448271661113478	0.012732094605547051
ASV_3648	0.0011772813592003013	-0.03856074888378825	0.051155856077625406
ASV_3650	-0.006594710704471266	-0.01572995055117494	0.014569398218037807
ASV_3651	-0.008559837171603633	0.013325128401316095	0.014107926288762066
ASV_3653	-0.020738526871362503	0.004803055807865966	0.011808027940292263
ASV_3660	-0.02341781167507042	0.01911458710042732	0.024925554578157393
ASV_3667	-0.015916503210085958	-0.014715015158726485	0.01716285304029987
ASV_3668	0.0007532664377736547	-0.0009898033627272957	-0.0049023558564583285
ASV_3691	-0.03507562135092163	0.0011388365666262145	0.044911028029457664
ASV_3693	0.0035100620379828304	-0.02912409268106225	0.020088108742963972
ASV_3698	-0.00010151580289918811	-0.026286615344336885	0.029571106273035823
ASV_3704	0.00979282643688809	-0.001652336445485988	-0.005120800708582585
ASV_3705	-0.032985295051750387	0.007165305845497777	0.015226315911669971
ASV_3707	0.002883484635354308	-0.012876003684495966	0.00654976627748775
ASV_3710	-0.039904361804289704	0.02040940165829674	0.027612480871526228
ASV_3714	-0.0025884686033806163	-0.012118146463108482	0.018290981882113755
ASV_3723	-0.032220669020479306	-0.034233289396875775	0.061126855589601486
ASV_3724	0.004569840999135798	-0.021943103792155742	0.011619966979068804
ASV_3726	-0.03515062418771761	0.0076396098529605905	0.014302616697541315
ASV_3729	-0.003364680770986667	0.0023904473387382275	0.0044401355350003275
ASV_3731	-0.019705569958050853	-0.006896390423309791	0.023495431648418812
ASV_3742	0.003464782016569813	-0.020768320079656483	0.010329243046425704
ASV_3746	-0.02183235716513124	0.012474628998287341	0.016146044599501835
ASV_3752	-0.004280198290023436	0.010781555695873335	0.0106899849647862
ASV_3755	-0.02186291948727851	0.004507041877945947	0.008827698289802158
ASV_3772	-0.014523796121778699	0.011910085958100409	0.01479244573676459
ASV_3774	-0.024565025244186908	0.005686297052270243	0.011652746545719296
ASV_3783	-0.030104459344216062	0.018073178239885742	0.02777378186753775
ASV_3786	-0.028236356395187023	0.012190730013785326	0.01826884000285731
ASV_3792	-0.0050482528804792	-0.0021110055436032206	0.027602672576639457
ASV_3814	-0.030291592291265008	0.019352215255449272	0.025798806691560212
ASV_3829	-0.008067212028018744	0.016843106562160176	0.0199968645566471
ASV_3835	0.005951843232100768	-0.026586483740885136	0.01675817161723582
ASV_3840	-0.009645428200631615	0.009519546990657827	0.012805020170453839
ASV_3842	-0.006238522943482031	0.00030487173239283146	0.0008479911868816482
ASV_3851	-0.020112749666238175	0.01571765767738547	0.020182885054982218
ASV_3854	-0.024011822617785807	-0.006845428825647007	0.0452757522331773
ASV_3858	-0.015814049407037956	0.003078165836956747	0.005510722192783331
ASV_3869	-0.0005354327005436777	0.00016179965170288758	0.0007401213924781573
ASV_3884	-0.02284754978414042	0.004279926740297963	0.008373829043889813
ASV_3885	0.05458603012748112	0.036797723273526706	0.031988998144835835
ASV_3890	-0.037762589386838845	-0.02099904953672108	0.052197455116956566
ASV_3891	-0.04188224344721081	0.022606289521075847	0.03335163627013973
ASV_3901	-0.006658831476016802	0.004779360811595008	0.013104688161064209
ASV_3906	0.06556442414818335	0.026626355399827197	0.04725926053805978
ASV_3908	-0.02343060758586649	0.004633305583567468	0.009447510255489622
ASV_3919	0.06154149051044791	0.043097544617566444	0.03861909621256219
ASV_3921	0.06596384706699895	0.007566250743559696	0.055713222306208586
ASV_3922	-0.017756169071218804	0.00364600920007079	0.006471105448116168
ASV_3924	-0.02495795427815942	0.005219825627048706	0.010338511066223926
ASV_3929	-0.002770866921599824	0.005824300276873893	0.006290790768485872
ASV_3934	0.004912677935342608	-0.024447037746047645	0.012931470739739609
ASV_3937	-0.03227702823815894	-0.00994987985239168	0.041715419411574306
ASV_3944	-0.002281801498910692	-0.018784007954082083	0.03729043087360255
ASV_3945	0.002965085699087356	0.037486615122941755	0.04086975218376092
ASV_3947	0.023605174176513123	0.006177579384375144	0.08528884163824829
ASV_3949	-0.048234634149628704	0.028320464630765572	0.044452818813130256
ASV_3953	-0.03293138312721493	0.011394931944623548	0.01715114952934928
ASV_3960	-0.006553611647194718	0.0012347596083017382	0.002176472570868473
ASV_3962	0.001241352989853733	-0.0005143167023596192	-0.003894204225365295
ASV_3969	0.0007128684681205415	-0.0008354022010323273	-0.004262225983185669
ASV_3983	-0.009414902157682687	0.0015678319533127232	0.0024402099778081296
ASV_3986	-0.027004319913011207	0.012690125266929505	0.021459860893343053
ASV_3988	0.00631063468082545	-0.03725035947213402	0.018940112331281327
ASV_4006	0.05511000823025463	0.03728476731575142	0.03162407662448286
ASV_4022	-0.026627871511417222	0.007385567750320098	0.013386066599120817
ASV_4025	-0.02659816702515443	0.005072873238185811	0.010007334040268873
ASV_4027	-0.04345213556283134	0.028483292788861928	0.04610037780419167
ASV_4032	-0.0031732328172874896	0.006867132353324077	0.007434758989810465
ASV_4034	0.005061299015640284	-0.026106154268442972	0.014784395480131609
ASV_4035	-0.0013528970176798331	0.0026972832881843813	0.008706210006584147
ASV_4040	-0.0010600673652455515	0.00025599850607475194	0.0013071347346958837
ASV_4043	-0.011044176500821118	0.016230835878059277	0.024730951484155078
ASV_4047	0.0005188602075528212	-0.0004527806679762078	-0.0010458308924403438
ASV_4049	0.007095094165944403	-0.037994527749805884	0.021948153779365983
ASV_4053	-0.013949034216189647	-0.03640392848096992	0.033026006288661446
ASV_4055	-0.007172474721106644	-0.019933103460171925	0.06230781036840575
ASV_4063	-0.00052094590205873	0.0005455660001455312	0.003525358586294267
ASV_4064	0.0016695096656130124	-0.000208667722592383	0.0001892166325476005
ASV_4065	0.002196566853539673	-0.018994775741708214	0.020676146106899215
ASV_4066	-0.0007387619428101799	0.0015257967682977026	0.000773630965666618
ASV_4068	-0.031469167886938966	0.005726791871318022	0.010800789353551927
ASV_4070	-0.008881739323330334	0.017576914533259484	0.020918265688333552
ASV_4073	-0.03717402207501924	0.008064663632229511	0.01593847401662668
ASV_4084	-0.012025090506948801	-0.0353610618208567	0.03364893131399044
ASV_4085	-0.0032295878742745797	-0.007992758853538664	0.02340549019259707
ASV_4090	-0.0021708588577224026	0.0030636100566841687	0.010137456068647327
ASV_4094	0.00044015264891582756	-0.0003339224145007909	-0.0005145430332871023
ASV_4096	0.042090279355352436	0.04132946501315933	0.039624838131262566
ASV_4107	-0.021034132291172503	0.0040785403721844	0.008435350996769158
ASV_4116	-0.02080420571872451	0.007381344214796007	0.011338701087153668
ASV_4118	-0.034988975010053554	0.02656823992139713	0.039388916277330425
ASV_4120	-0.035198074822878345	0.007041314332233831	0.014087426662228012
ASV_4122	0.0032159974167002524	-0.02731371824477227	0.03285847281900643
ASV_4130	0.04283845902410013	0.028476856363963684	0.02467558145484781
ASV_4134	-0.032038123428977584	0.022263084018227856	0.02830538405936785
ASV_4138	-0.007683284131748293	0.01675466189957847	0.01791878564629652
ASV_4148	0.007539151542303486	-0.045301105204942356	0.0336638789072527
ASV_4161	0.005825537173181978	-0.05321698148307199	0.057371364967710725
ASV_4167	0.007111453285002249	-0.037252258124264394	0.020309745091659663
ASV_4175	-0.03381862419265853	0.019683616703218103	0.027155107724750483
ASV_4179	0.06080654710164226	0.041267052445350165	0.03559659663716529
ASV_4186	-0.025370879669157582	-0.011716695944113113	0.02289797499144185
ASV_4190	-0.03131884283120906	0.007510360472654273	0.0148309006440582
ASV_4191	-0.03624726783803894	0.006743939970943736	0.013754752540541638
ASV_4211	0.008561383973857268	-0.045476745581181456	0.027787061051861024
ASV_4212	-0.0033511541378148514	0.00810586471136781	0.009218832130176036
ASV_4218	0.005885666625779539	-0.029901497249221143	0.017421894976189338
ASV_4219	0.0020953624363881334	-0.001473040648533718	-0.004893422492585069
ASV_4226	-0.03842275161619851	0.019948318636929956	0.03377953229986715
ASV_4228	0.007382804733424143	-0.03916012565059907	0.021188298237087455
ASV_4229	0.007621163520583379	-0.04207708258089113	0.023294093906671948
ASV_4246	0.06146144063494999	0.04167123411909622	0.03587665078774365
ASV_4248	-0.008166661424908713	0.0028861719872295896	0.006461076623877985
ASV_4249	-0.0252863933535048	0.004940153642720646	0.009338739448509463
ASV_4252	-0.041675404780045534	0.009024811067600898	0.02173993785317793
ASV_4254	-0.01974859849681136	0.003776267270504214	0.007701572940816596
ASV_4257	-0.011248275487492854	0.022065052796279672	0.025024133844430183
ASV_4260	-0.0017001304400197693	0.0018647205017663059	0.008279781999043974
ASV_4264	-0.0022180418970553033	0.002190646843950571	0.00590787289714978
ASV_4272	-0.07310745833072242	0.032187440447962165	0.04679968621617063
ASV_4274	-0.04009415258754589	0.009909464412489194	0.023551717366000213
ASV_4275	-0.002262342048157596	0.0021522922995134133	0.00450350432121023
ASV_4279	0.026055348605570443	0.01584609319197534	0.04977140522841347
ASV_4293	0.03197873637421895	0.021071307496118366	0.01771005778176093
ASV_4295	0.020685641606609687	-0.007880657961886403	0.0385803618908742
ASV_4302	-0.03200642290663583	0.006347726414465758	0.012758658302083614
ASV_4304	0.06313069079439103	0.04261281233376131	0.036495510267347264
ASV_4308	-0.027336213094376755	0.010305643014886656	0.016302314772545297
ASV_4309	-0.026804367507378933	0.0053142148477964704	0.009898519220491465
ASV_4314	-0.00788573545797101	-0.001475239629431367	0.0447246423002286
ASV_4315	-0.013668618901363993	0.026414145661590126	0.029117773159859486
ASV_4318	-0.0020657901964086017	-0.015204706965370036	0.03691102028621509
ASV_4320	0.045870291772281066	0.03098178180745155	0.026014352633700645
ASV_4321	-0.04183902847542823	0.00791468954158934	0.016569634575195776
ASV_4349	-0.008370337030743928	0.0198296869530054	0.024124164035601935
ASV_4353	-0.030910014145095144	0.006515907262782472	0.012811686578105143
ASV_4359	-0.027057505998513042	0.005324048968117323	0.010053230251964964
ASV_4361	-0.030836676911204206	0.0077705307935227105	0.019000171168443415
ASV_4368	0.05399486413433174	0.04380402921293436	0.038660857271291545
ASV_4371	-0.034097239102815424	0.0066970665356870275	0.013516299427501526
ASV_4377	-0.036095451035519394	-0.017133082725275667	0.06556140903278725
ASV_4379	-0.04290342902394593	-0.04265767928387015	0.05239408765727004
ASV_4382	0.0015130790332689929	-0.0007224897868507975	-0.004373239513765718
ASV_4383	0.007882690408936343	-0.04293008822000935	0.02363081189857601
ASV_4386	0.007669542959428893	-0.04214374654750539	0.024663309445399566
ASV_4387	-0.023315419062917977	0.016190934360784514	0.032922639201995306
ASV_4395	-0.004930363029931211	0.0038038691446798194	0.009391112092695119
ASV_4398	0.005731970564396729	-0.032864079365447024	0.01733418173508701
ASV_4400	-0.0006021433467555633	6.345230811790909e-05	-0.0007954334480656172
ASV_4401	-0.026541932236002864	0.007070017639908784	0.01746098023752384
ASV_4403	-0.0011717740813740297	0.001827338300301905	0.004288877968484027
ASV_4405	-0.02910813430029578	0.008899372740841188	0.023039883363794894
ASV_4406	-0.017312054453884763	0.004707193716185586	0.01110684329671969
ASV_4408	-0.012417956380569767	-0.007837855501908297	0.044350969253764215
ASV_4410	0.04604901234835278	0.03106896683381082	0.026364204889723554
ASV_4417	-0.019442873759727686	0.004241244481520035	0.009079339039451467
ASV_4418	-0.030027034828589337	0.006042385976006613	0.011921875222107909
ASV_4424	-0.01834514977998079	0.0186269698028881	0.023957062123932924
ASV_4425	-0.008352311375644529	0.013168473209866105	0.018760237491715615
ASV_4427	-0.018912855804626472	-0.0024257131318289635	0.0190608309549755
ASV_4428	-0.046205808537572585	0.02167875132805297	0.03178993782219624
ASV_4429	0.03707790745059911	0.050107174218511456	0.052489235079893524
ASV_4433	-0.016969062606719532	-0.02204119476825677	0.025274278807233024
ASV_4434	-0.02686394864448165	0.005447092030091762	0.010840658217753632
ASV_4436	0.007673045938756625	-0.03895799206497101	0.022662729343084987
ASV_4437	-0.02685982598779584	0.00634167490760216	0.012095907334086803
ASV_4440	-0.0394971325148068	0.007290716076180922	0.014150504049765188
ASV_4443	-0.03207843728045781	0.006458180446074207	0.012610595445707527
ASV_4444	0.0008641656290113988	-0.0007839406888584644	-0.0011631292307094207
ASV_4446	-0.040532678338428635	0.007758327434755055	0.01583974750750144

Site	26	3
G8r-AWI19	-0.2893859203454112	-0.15548657646866754	0.18580834609505864
G19r-AWI7	-0.31227397375175214	-0.13834526409825168	0.07441320089455748
G12r-NOC23	0.059467099548621234	-0.20285978595948329	-0.17129786313806286
E-G2-NOAA29	0.03612817437030282	-0.040314747123083874	0.13227672062045706
G22r-DAL24	-0.09244673473410768	0.38093986005941216	-0.19953808595487166
E-G16-NOC11	0.05931252317699064	-0.1392172182053727	-0.12127984201403172
G4r-ROS16	0.3550944041379363	0.010686223563649507	0.19927549508750692
G7r-NOC20	0.1302159065138322	-0.15421620309628073	-0.23676375140603587
E-G14-ROS20	0.2047998173049673	0.008890877127739462	0.221744186369292
E-G13-NOAA23	0.019007805666305017	-0.04223685355861357	0.11117564374253987
G5r-NOC4	0.06303140476187144	-0.19053684944153065	-0.28226085467924644
G10r-ROS4	0.3184909438061175	0.006398506418274533	0.11541460331856374
G26r-NOAA5	0.0027530959846613448	-0.051602186628606196	-0.09908206040749726
G24r-AWI15	-0.31785667494806674	-0.15266519440470058	0.15927193377479487
G18r-NOAA6	0.02106152999380859	-0.08967545243394635	-0.22074706997094196
G21r-NOC33	0.0776363771286792	-0.17092773910662654	-0.3398533597433868
E-G3-DAL6	-0.08458496298263093	0.32659292727760686	0.16960568419823646
G9r-NOAA17	-0.02844581767057485	-0.013724385719369646	0.4278023325740492
G23r-NOAA12	-0.04933363858768783	-0.0731077663581077	-0.27833777372830126
G17r-DAL12	-0.10102404830269139	0.38597451571374725	-0.19983654858543226
G25r-ROS8	0.32202486776206574	6.965559491334051e-05	0.06269027560313442
E-G6-DAL18	-0.0675732945515447	0.40883373963943637	-0.020130525328833606
E-G15-AWI3	-0.2693196965498027	-0.15869108227362802	0.04666854119864132
G11r-DAL30	-0.10850663118161066	0.3822868712098987	-0.09398427036778768
G20r-ROS12	0.33331060748394115	0.01818787812317872	0.19613729214385864
E-G1-AWI11	-0.28158316403421746	-0.15525374985158694	0.16082774970373978

Biplot	0	0

Site constraints	0	0
